Supplemental results for CODEML (seqf: /Users/bobsyouruncle/SICB_LocalMAc/PAML/OG0000001.ALNcds3.phy  treef: /Users/bobsyouruncle/SICB_LocalMAc/PAML/12spp_tree.tree_unrooted.paml2.tree)


MLEs of dN/dS (w) for site classes (K=4)

site class             0        1       2a       2b
proportion       0.92486  0.06198  0.01233  0.00083
background w     0.01305  1.00000  0.01305  1.00000
foreground w     0.01305  1.00000  1.00000  1.00000

Naive Empirical Bayes (NEB) probabilities for 4 classes
(amino acids refer to 1st sequence: species01)

   1 F   0.95383 0.00000 0.04617 0.00000 ( 1)
   2 S   0.99947 0.00000 0.00053 0.00000 ( 1)
   3 G   0.99981 0.00000 0.00019 0.00000 ( 1)
   4 D   0.99991 0.00000 0.00009 0.00000 ( 1)
   5 A   0.99959 0.00000 0.00041 0.00000 ( 1)
   6 C   0.99965 0.00000 0.00035 0.00000 ( 1)
   7 L   0.99884 0.00000 0.00116 0.00000 ( 1)
   8 A   0.99961 0.00000 0.00039 0.00000 ( 1)
   9 L   0.99768 0.00000 0.00232 0.00000 ( 1)
  10 P   0.99937 0.00000 0.00063 0.00000 ( 1)
  11 K   0.99980 0.00000 0.00020 0.00000 ( 1)
  12 L   0.99898 0.00000 0.00102 0.00000 ( 1)
  13 N   0.99992 0.00000 0.00008 0.00000 ( 1)
  14 L   0.99942 0.00000 0.00058 0.00000 ( 1)
  15 Q   0.99946 0.00000 0.00054 0.00000 ( 1)
  16 F   0.99947 0.00000 0.00053 0.00000 ( 1)
  17 L   0.99914 0.00000 0.00086 0.00000 ( 1)
  18 T   0.99963 0.00000 0.00037 0.00000 ( 1)
  19 L   0.99942 0.00000 0.00058 0.00000 ( 1)
  20 H   0.99989 0.00000 0.00011 0.00000 ( 1)
  21 D   0.99987 0.00000 0.00013 0.00000 ( 1)
  22 Y   0.99969 0.00000 0.00031 0.00000 ( 1)
  23 L   0.99858 0.00000 0.00142 0.00000 ( 1)
  24 L   0.99805 0.00000 0.00195 0.00000 ( 1)
  25 R   0.99973 0.00000 0.00027 0.00000 ( 1)
  26 N   0.99986 0.00000 0.00014 0.00000 ( 1)
  27 F   0.99985 0.00000 0.00015 0.00000 ( 1)
  28 D   0.99987 0.00000 0.00013 0.00000 ( 1)
  29 L   0.99904 0.00000 0.00096 0.00000 ( 1)
  30 F   0.99971 0.00000 0.00029 0.00000 ( 1)
  31 R   0.99973 0.00000 0.00027 0.00000 ( 1)
  32 L   0.99859 0.00000 0.00141 0.00000 ( 1)
  33 E   0.99978 0.00000 0.00022 0.00000 ( 1)
  34 S   0.99878 0.00000 0.00121 0.00000 ( 1)
  35 T   0.99936 0.00000 0.00064 0.00000 ( 1)
  36 Y   0.99980 0.00000 0.00020 0.00000 ( 1)
  37 E   0.99982 0.00000 0.00018 0.00000 ( 1)
  38 I   0.99985 0.00000 0.00015 0.00000 ( 1)
  39 R   0.99870 0.00000 0.00130 0.00000 ( 1)
  40 Q   0.99945 0.00000 0.00055 0.00000 ( 1)
  41 D   0.99983 0.00000 0.00017 0.00000 ( 1)
  42 I   0.99976 0.00000 0.00024 0.00000 ( 1)
  43 E   0.99983 0.00000 0.00017 0.00000 ( 1)
  44 D   0.99988 0.00000 0.00012 0.00000 ( 1)
  45 I   0.98295 0.00155 0.01549 0.00002 ( 1)
  46 V   0.99810 0.00118 0.00070 0.00002 ( 1)
  47 M   0.99989 0.00003 0.00008 0.00000 ( 1)
  48 R   0.99973 0.00000 0.00027 0.00000 ( 1)
  49 L   0.99794 0.00000 0.00206 0.00000 ( 1)
  50 N   0.99991 0.00000 0.00009 0.00000 ( 1)
  51 P   0.99937 0.00000 0.00063 0.00000 ( 1)
  52 W   0.99807 0.00000 0.00193 0.00000 ( 1)
  53 S   0.00034 0.98611 0.00041 0.01314 ( 2)
  54 S   0.56090 0.43262 0.00071 0.00577 ( 1)
  55 E   0.99983 0.00000 0.00017 0.00000 ( 1)
  56 N   0.01807 0.95261 0.01662 0.01270 ( 2)
  57 G   0.99923 0.00001 0.00077 0.00000 ( 1)
  58 S   0.00000 0.98684 0.00000 0.01315 ( 2)
  59 V   0.99974 0.00001 0.00025 0.00000 ( 1)
  60 I   0.16484 0.82283 0.00136 0.01097 ( 2)
  61 F   0.99960 0.00000 0.00040 0.00000 ( 1)
  62 R   0.99953 0.00000 0.00047 0.00000 ( 1)
  63 G   0.99965 0.00000 0.00035 0.00000 ( 1)
  64 W   0.99807 0.00000 0.00193 0.00000 ( 1)
  65 A   0.99982 0.00000 0.00018 0.00000 ( 1)
  66 R   0.99848 0.00000 0.00152 0.00000 ( 1)
  67 M   0.99992 0.00000 0.00008 0.00000 ( 1)
  68 A   0.99970 0.00000 0.00030 0.00000 ( 1)
  69 Q   0.99956 0.00000 0.00044 0.00000 ( 1)
  70 P   0.99932 0.00000 0.00068 0.00000 ( 1)
  71 I   0.99981 0.00000 0.00019 0.00000 ( 1)
  72 A   0.00000 0.98685 0.00000 0.01315 ( 2)
  73 N   0.99982 0.00000 0.00018 0.00000 ( 1)
  74 F   0.99977 0.00000 0.00023 0.00000 ( 1)
  75 A   0.99976 0.00000 0.00024 0.00000 ( 1)
  76 V   0.99944 0.00000 0.00056 0.00000 ( 1)
  77 C   0.99965 0.00000 0.00035 0.00000 ( 1)
  78 E   0.99982 0.00000 0.00018 0.00000 ( 1)
  79 V   0.99945 0.00000 0.00055 0.00000 ( 1)
  80 A   0.99935 0.00000 0.00065 0.00000 ( 1)
  81 K   0.99984 0.00000 0.00016 0.00000 ( 1)
  82 P   0.99938 0.00000 0.00062 0.00000 ( 1)
  83 N   0.99992 0.00000 0.00008 0.00000 ( 1)
  84 V   0.99960 0.00000 0.00040 0.00000 ( 1)
  85 G   0.99975 0.00000 0.00025 0.00000 ( 1)
  86 E   0.99982 0.00000 0.00018 0.00000 ( 1)
  87 D   0.99988 0.00000 0.00012 0.00000 ( 1)
  88 K   0.99978 0.00000 0.00022 0.00000 ( 1)
  89 P   0.99938 0.00000 0.00062 0.00000 ( 1)
  90 S   0.99841 0.00000 0.00159 0.00000 ( 1)
  91 R   0.99948 0.00000 0.00052 0.00000 ( 1)
  92 V   0.99965 0.00000 0.00035 0.00000 ( 1)
  93 R   0.99945 0.00000 0.00055 0.00000 ( 1)
  94 A   0.99967 0.00000 0.00033 0.00000 ( 1)
  95 D   0.99981 0.00000 0.00019 0.00000 ( 1)
  96 I   0.99970 0.00000 0.00030 0.00000 ( 1)
  97 T   0.99963 0.00000 0.00037 0.00000 ( 1)
  98 I   0.95441 0.00002 0.04557 0.00000 ( 1)
  99 N   0.97964 0.00000 0.02036 0.00000 ( 1)
 100 L   0.99754 0.00000 0.00246 0.00000 ( 1)
 101 S   0.99991 0.00000 0.00009 0.00000 ( 1)
 102 V   0.99970 0.00000 0.00030 0.00000 ( 1)
 103 R   0.99958 0.00000 0.00042 0.00000 ( 1)
 104 R   0.99954 0.00001 0.00044 0.00000 ( 1)
 105 E   0.98750 0.00000 0.01250 0.00000 ( 1)
 106 I   0.99974 0.00000 0.00026 0.00000 ( 1)
 107 K   0.99978 0.00000 0.00022 0.00000 ( 1)
 108 S   0.06929 0.11259 0.81662 0.00150 ( 3)
 109 E   0.99980 0.00000 0.00020 0.00000 ( 1)
 110 W   0.99807 0.00000 0.00193 0.00000 ( 1)
 111 E   0.99982 0.00000 0.00018 0.00000 ( 1)
 112 A   0.99982 0.00000 0.00018 0.00000 ( 1)
 113 L   0.99753 0.00000 0.00247 0.00000 ( 1)
 114 R   0.99967 0.00000 0.00033 0.00000 ( 1)
 115 K   0.99981 0.00000 0.00019 0.00000 ( 1)
 116 H   0.99968 0.00000 0.00032 0.00000 ( 1)
 117 D   0.99991 0.00000 0.00009 0.00000 ( 1)
 118 V   0.99956 0.00000 0.00044 0.00000 ( 1)
 119 C   0.99965 0.00000 0.00035 0.00000 ( 1)
 120 L   0.99946 0.00000 0.00053 0.00000 ( 1)
 121 L   0.90398 0.00000 0.09602 0.00000 ( 1)
 122 L   0.99898 0.00002 0.00100 0.00000 ( 1)
 123 S   0.99801 0.00016 0.00183 0.00000 ( 1)
 124 I   0.99813 0.00167 0.00018 0.00002 ( 1)
 125 I   0.96220 0.03363 0.00373 0.00045 ( 1)
 126 H   0.00000 0.98685 0.00000 0.01315 ( 2)
 127 P   0.99939 0.00000 0.00061 0.00000 ( 1)
 128 K   0.99979 0.00000 0.00021 0.00000 ( 1)
 129 E   0.99094 0.00879 0.00015 0.00012 ( 1)
 130 Y   0.00407 0.98283 0.00000 0.01310 ( 2)
 131 P   0.99932 0.00000 0.00068 0.00000 ( 1)
 132 N   0.99988 0.00000 0.00012 0.00000 ( 1)
 133 P   0.99868 0.00058 0.00074 0.00001 ( 1)
 134 E   0.40762 0.42669 0.16000 0.00569 ( 2)
 135 G   0.99949 0.00000 0.00051 0.00000 ( 1)
 136 Y   0.55140 0.44246 0.00024 0.00590 ( 1)
 137 F   0.99985 0.00000 0.00015 0.00000 ( 1)
 138 P   0.97234 0.00001 0.02765 0.00000 ( 1)
 139 D   0.99793 0.00133 0.00071 0.00002 ( 1)
 140 E   0.99980 0.00000 0.00020 0.00000 ( 1)
 141 W   0.92528 0.07197 0.00179 0.00096 ( 1)
 142 G   0.99966 0.00000 0.00034 0.00000 ( 1)
 143 I   0.99954 0.00000 0.00046 0.00000 ( 1)
 144 R   0.95757 0.01339 0.02886 0.00018 ( 1)
 145 Y   0.99979 0.00000 0.00021 0.00000 ( 1)
 146 I   0.99961 0.00000 0.00039 0.00000 ( 1)
 147 R   0.99937 0.00000 0.00063 0.00000 ( 1)
 148 G   0.99965 0.00000 0.00035 0.00000 ( 1)
 149 C   0.99965 0.00000 0.00035 0.00000 ( 1)
 150 E   0.99985 0.00000 0.00015 0.00000 ( 1)
 151 V   0.41339 0.00007 0.58654 0.00000 ( 3)
 152 E   0.99982 0.00000 0.00018 0.00000 ( 1)
 153 G   0.99931 0.00000 0.00069 0.00000 ( 1)
 154 M   0.99992 0.00000 0.00008 0.00000 ( 1)
 155 L   0.99862 0.00000 0.00138 0.00000 ( 1)
 156 D   0.99991 0.00000 0.00009 0.00000 ( 1)
 157 E   0.99985 0.00000 0.00015 0.00000 ( 1)
 158 N   0.99992 0.00000 0.00008 0.00000 ( 1)
 159 G   0.99967 0.00000 0.00033 0.00000 ( 1)
 160 R   0.99962 0.00000 0.00038 0.00000 ( 1)
 161 V   0.99952 0.00000 0.00048 0.00000 ( 1)
 162 I   0.99985 0.00000 0.00015 0.00000 ( 1)
 163 E   0.99983 0.00000 0.00017 0.00000 ( 1)
 164 E   0.99983 0.00000 0.00017 0.00000 ( 1)
 165 G   0.99957 0.00000 0.00043 0.00000 ( 1)
 166 P   0.99939 0.00000 0.00061 0.00000 ( 1)
 167 E   0.99982 0.00000 0.00018 0.00000 ( 1)
 168 P   0.99952 0.00000 0.00048 0.00000 ( 1)
 169 K   0.99982 0.00000 0.00018 0.00000 ( 1)
 170 P   0.99937 0.00000 0.00063 0.00000 ( 1)
 171 E   0.99984 0.00000 0.00016 0.00000 ( 1)
 172 L   0.99873 0.00002 0.00125 0.00000 ( 1)
 173 K   0.99980 0.00000 0.00020 0.00000 ( 1)
 174 G   0.99978 0.00000 0.00022 0.00000 ( 1)
 175 E   0.99960 0.00000 0.00040 0.00000 ( 1)
 176 T   0.99979 0.00000 0.00021 0.00000 ( 1)
 177 R   0.99973 0.00000 0.00027 0.00000 ( 1)
 178 T   0.97661 0.00000 0.02339 0.00000 ( 1)
 179 F   0.99642 0.00000 0.00358 0.00000 ( 1)
 180 R   0.99920 0.00000 0.00080 0.00000 ( 1)
 181 V   0.99975 0.00000 0.00025 0.00000 ( 1)
 182 W   0.99807 0.00000 0.00193 0.00000 ( 1)
 183 L   0.99970 0.00000 0.00030 0.00000 ( 1)
 184 D   0.99987 0.00000 0.00013 0.00000 ( 1)
 185 C   0.99859 0.00004 0.00138 0.00000 ( 1)
 186 N   0.99992 0.00000 0.00008 0.00000 ( 1)
 187 Q   0.99943 0.00000 0.00057 0.00000 ( 1)
 188 Y   0.99876 0.00000 0.00124 0.00000 ( 1)
 189 K   0.99982 0.00000 0.00018 0.00000 ( 1)
 190 I   0.99985 0.00000 0.00015 0.00000 ( 1)
 191 D   0.99987 0.00000 0.00013 0.00000 ( 1)
 192 M   0.99992 0.00000 0.00008 0.00000 ( 1)
 193 D   0.99991 0.00000 0.00009 0.00000 ( 1)
 194 K   0.99977 0.00000 0.00023 0.00000 ( 1)
 195 S   0.00035 0.98589 0.00062 0.01314 ( 2)
 196 N   0.02448 0.90591 0.05753 0.01208 ( 2)
 197 D   0.00002 0.98647 0.00036 0.01315 ( 2)
 198 G   0.88657 0.10142 0.01066 0.00135 ( 1)
 199 S   0.90027 0.00874 0.09087 0.00012 ( 1)
 200 E   0.99985 0.00000 0.00015 0.00000 ( 1)
 201 D   0.99991 0.00000 0.00009 0.00000 ( 1)
 202 V   0.99970 0.00000 0.00030 0.00000 ( 1)
 203 Y   0.99981 0.00000 0.00019 0.00000 ( 1)
 204 E   0.99980 0.00000 0.00020 0.00000 ( 1)
 205 T   0.99969 0.00000 0.00031 0.00000 ( 1)
 206 F   0.99936 0.00000 0.00064 0.00000 ( 1)
 207 N   0.99992 0.00000 0.00008 0.00000 ( 1)
 208 V   0.99953 0.00000 0.00047 0.00000 ( 1)
 209 L   0.99874 0.00004 0.00122 0.00000 ( 1)
 210 M   0.99992 0.00000 0.00008 0.00000 ( 1)
 211 R   0.99973 0.00000 0.00027 0.00000 ( 1)
 212 R   0.99958 0.00000 0.00042 0.00000 ( 1)
 213 K   0.98784 0.00000 0.01216 0.00000 ( 1)
 214 P   0.99931 0.00000 0.00069 0.00000 ( 1)
 215 K   0.99981 0.00000 0.00019 0.00000 ( 1)
 216 E   0.99978 0.00000 0.00022 0.00000 ( 1)
 217 N   0.99987 0.00000 0.00013 0.00000 ( 1)
 218 N   0.99987 0.00000 0.00013 0.00000 ( 1)
 219 F   0.99960 0.00000 0.00040 0.00000 ( 1)
 220 K   0.99985 0.00000 0.00015 0.00000 ( 1)
 221 A   0.99978 0.00000 0.00022 0.00000 ( 1)
 222 V   0.99968 0.00000 0.00032 0.00000 ( 1)
 223 L   0.99932 0.00000 0.00068 0.00000 ( 1)
 224 E   0.99982 0.00000 0.00018 0.00000 ( 1)
 225 T   0.99964 0.00000 0.00036 0.00000 ( 1)
 226 I   0.99971 0.00000 0.00029 0.00000 ( 1)
 227 R   0.99966 0.00000 0.00034 0.00000 ( 1)
 228 D   0.99981 0.00000 0.00019 0.00000 ( 1)
 229 L   0.99829 0.00000 0.00171 0.00000 ( 1)
 230 M   0.99992 0.00000 0.00008 0.00000 ( 1)
 231 N   0.99992 0.00000 0.00008 0.00000 ( 1)
 232 T   0.99967 0.00000 0.00033 0.00000 ( 1)
 233 R   0.99984 0.00000 0.00016 0.00000 ( 1)
 234 C   0.99965 0.00000 0.00035 0.00000 ( 1)
 235 V   0.99975 0.00000 0.00025 0.00000 ( 1)
 236 V   0.99964 0.00000 0.00036 0.00000 ( 1)
 237 P   0.99940 0.00000 0.00060 0.00000 ( 1)
 238 D   0.99981 0.00000 0.00019 0.00000 ( 1)
 239 W   0.99807 0.00000 0.00193 0.00000 ( 1)
 240 L   0.99838 0.00000 0.00162 0.00000 ( 1)
 241 L   0.99857 0.00000 0.00143 0.00000 ( 1)
 242 D   0.99991 0.00000 0.00009 0.00000 ( 1)
 243 I   0.99967 0.00000 0.00033 0.00000 ( 1)
 244 I   0.99985 0.00000 0.00015 0.00000 ( 1)
 245 L   0.99857 0.00000 0.00143 0.00000 ( 1)
 246 G   0.99946 0.00000 0.00054 0.00000 ( 1)
 247 Y   0.99981 0.00000 0.00019 0.00000 ( 1)
 248 G   0.99980 0.00000 0.00020 0.00000 ( 1)
 249 D   0.99286 0.00000 0.00714 0.00000 ( 1)
 250 P   0.99956 0.00000 0.00044 0.00000 ( 1)
 251 G   0.99978 0.00000 0.00022 0.00000 ( 1)
 252 A   0.99972 0.00000 0.00028 0.00000 ( 1)
 253 A   0.99961 0.00000 0.00039 0.00000 ( 1)
 254 H   0.99989 0.00000 0.00011 0.00000 ( 1)
 255 Y   0.99980 0.00000 0.00020 0.00000 ( 1)
 256 S   0.99856 0.00000 0.00144 0.00000 ( 1)
 257 H   0.76135 0.23533 0.00019 0.00314 ( 1)
 258 R   0.99948 0.00000 0.00052 0.00000 ( 1)
 259 E   0.99939 0.00040 0.00021 0.00001 ( 1)
 260 N   0.99992 0.00000 0.00008 0.00000 ( 1)
 261 A   0.99973 0.00000 0.00027 0.00000 ( 1)
 262 L   0.99861 0.00000 0.00139 0.00000 ( 1)
 263 S   0.00000 0.98684 0.00000 0.01315 ( 2)
 264 T   0.99965 0.00000 0.00034 0.00000 ( 1)
 265 L   0.99861 0.00000 0.00139 0.00000 ( 1)
 266 D   0.99991 0.00000 0.00009 0.00000 ( 1)
 267 F   0.99936 0.00000 0.00064 0.00000 ( 1)
 268 N   0.99992 0.00000 0.00008 0.00000 ( 1)
 269 D   0.99981 0.00000 0.00019 0.00000 ( 1)
 270 T   0.99963 0.00000 0.00037 0.00000 ( 1)
 271 F   0.99973 0.00000 0.00027 0.00000 ( 1)
 272 L   0.99848 0.00000 0.00152 0.00000 ( 1)
 273 N   0.96628 0.01601 0.01749 0.00021 ( 1)
 274 C   0.98640 0.00011 0.01349 0.00000 ( 1)
 275 D   0.51924 0.00308 0.47764 0.00004 ( 1)
 276 H   0.99989 0.00000 0.00011 0.00000 ( 1)
 277 L   0.99859 0.00000 0.00141 0.00000 ( 1)
 278 K   0.99980 0.00000 0.00019 0.00000 ( 1)
 279 K   0.82071 0.05024 0.12838 0.00067 ( 1)
 280 S   0.99991 0.00000 0.00009 0.00000 ( 1)
 281 F   0.99985 0.00000 0.00015 0.00000 ( 1)
 282 P   0.99952 0.00000 0.00048 0.00000 ( 1)
 283 D   0.00000 0.98684 0.00000 0.01315 ( 2)
 284 Y   0.99969 0.00000 0.00031 0.00000 ( 1)
 285 T   0.09658 0.88614 0.00547 0.01181 ( 2)
 286 I   0.97890 0.00000 0.02110 0.00000 ( 1)
 287 N   0.00012 0.98633 0.00040 0.01315 ( 2)
 288 H   0.00095 0.00985 0.98907 0.00013 ( 3)
 289 T   0.61331 0.11618 0.26896 0.00155 ( 1)
 290 P   0.00001 0.98683 0.00000 0.01315 ( 2)
 291 K   0.00111 0.00441 0.99442 0.00006 ( 3)
 292 A   0.02482 0.96177 0.00059 0.01282 ( 2)
 293 N   0.00000 0.98685 0.00000 0.01315 ( 2)
 294 M   0.99986 0.00006 0.00008 0.00000 ( 1)
 295 Q   0.00003 0.98677 0.00004 0.01315 ( 2)
 296 P   0.99917 0.00000 0.00083 0.00000 ( 1)
 297 P   0.99915 0.00000 0.00085 0.00000 ( 1)
 298 F   0.99943 0.00000 0.00057 0.00000 ( 1)
 299 K   0.99981 0.00000 0.00019 0.00000 ( 1)
 300 L   0.99875 0.00000 0.00125 0.00000 ( 1)
 301 T   0.97828 0.00005 0.02167 0.00000 ( 1)
 302 F   0.99985 0.00000 0.00015 0.00000 ( 1)
 303 E   0.99982 0.00001 0.00018 0.00000 ( 1)
 304 D   0.99989 0.00002 0.00009 0.00000 ( 1)
 305 Q   0.99882 0.00064 0.00054 0.00001 ( 1)
 306 K   0.99935 0.00046 0.00018 0.00001 ( 1)
 307 T   0.00000 0.98684 0.00000 0.01315 ( 2)
 308 T   0.00000 0.98684 0.00000 0.01315 ( 2)
 309 K   0.99981 0.00000 0.00019 0.00000 ( 1)
 310 R   0.99534 0.00349 0.00112 0.00005 ( 1)
 311 P   0.00000 0.98685 0.00000 0.01315 ( 2)
 312 A   0.00027 0.96412 0.02275 0.01285 ( 2)
 313 A   0.08007 0.87267 0.03562 0.01163 ( 2)
 314 E   0.98992 0.00011 0.00997 0.00000 ( 1)
 315 E   0.99955 0.00025 0.00020 0.00000 ( 1)
 316 N   0.00000 0.98684 0.00000 0.01315 ( 2)
 317 K   0.99981 0.00000 0.00019 0.00000 ( 1)
 318 V   0.00023 0.98624 0.00039 0.01315 ( 2)
 319 S   0.11125 0.87688 0.00018 0.01169 ( 2)
 320 K   0.99982 0.00000 0.00018 0.00000 ( 1)
 321 V   0.02273 0.96409 0.00034 0.01285 ( 2)
 322 I   0.99985 0.00000 0.00015 0.00000 ( 1)
 323 H   0.00000 0.98685 0.00000 0.01315 ( 2)
 324 V   0.99971 0.00000 0.00029 0.00000 ( 1)
 325 E   0.99980 0.00000 0.00020 0.00000 ( 1)
 326 P   0.99932 0.00000 0.00068 0.00000 ( 1)
 327 Y   0.99981 0.00000 0.00019 0.00000 ( 1)
 328 V   0.99975 0.00000 0.00025 0.00000 ( 1)
 329 V   0.46468 0.09513 0.43893 0.00127 ( 1)
 330 K   0.99932 0.00000 0.00068 0.00000 ( 1)
 331 S   0.98452 0.00000 0.01548 0.00000 ( 1)
 332 R   0.99966 0.00000 0.00034 0.00000 ( 1)
 333 G   0.99966 0.00000 0.00034 0.00000 ( 1)
 334 P   0.99964 0.00000 0.00036 0.00000 ( 1)
 335 Y   0.99980 0.00000 0.00020 0.00000 ( 1)
 336 P   0.99963 0.00000 0.00037 0.00000 ( 1)
 337 Y   0.99875 0.00000 0.00125 0.00000 ( 1)
 338 T   0.99971 0.00000 0.00029 0.00000 ( 1)
 339 V   0.99964 0.00000 0.00036 0.00000 ( 1)
 340 P   0.99952 0.00000 0.00048 0.00000 ( 1)
 341 R   0.99855 0.00001 0.00144 0.00000 ( 1)
 342 K   0.99980 0.00000 0.00020 0.00000 ( 1)
 343 N   0.99992 0.00000 0.00008 0.00000 ( 1)
 344 R   0.99943 0.00030 0.00027 0.00000 ( 1)
 345 V   0.99943 0.00000 0.00057 0.00000 ( 1)
 346 Q   0.97514 0.00413 0.02067 0.00006 ( 1)
 347 F   0.99970 0.00000 0.00030 0.00000 ( 1)
 348 T   0.99930 0.00000 0.00070 0.00000 ( 1)
 349 P   0.99941 0.00000 0.00059 0.00000 ( 1)
 350 T   0.99955 0.00000 0.00045 0.00000 ( 1)
 351 Q   0.99956 0.00000 0.00044 0.00000 ( 1)
 352 V   0.98334 0.00000 0.01666 0.00000 ( 1)
 353 E   0.99982 0.00000 0.00018 0.00000 ( 1)
 354 A   0.99968 0.00000 0.00032 0.00000 ( 1)
 355 I   0.99982 0.00000 0.00018 0.00000 ( 1)
 356 R   0.99949 0.00000 0.00051 0.00000 ( 1)
 357 S   0.99959 0.00000 0.00041 0.00000 ( 1)
 358 G   0.99985 0.00000 0.00015 0.00000 ( 1)
 359 M   0.99992 0.00000 0.00008 0.00000 ( 1)
 360 Q   0.99956 0.00000 0.00044 0.00000 ( 1)
 361 P   0.99965 0.00000 0.00035 0.00000 ( 1)
 362 G   0.99975 0.00000 0.00025 0.00000 ( 1)
 363 L   0.99919 0.00000 0.00081 0.00000 ( 1)
 364 T   0.99954 0.00000 0.00046 0.00000 ( 1)
 365 M   0.99992 0.00000 0.00008 0.00000 ( 1)
 366 V   0.99967 0.00000 0.00033 0.00000 ( 1)
 367 V   0.99959 0.00000 0.00041 0.00000 ( 1)
 368 G   0.99979 0.00000 0.00021 0.00000 ( 1)
 369 P   0.99957 0.00000 0.00043 0.00000 ( 1)
 370 P   0.99955 0.00000 0.00045 0.00000 ( 1)
 371 G   0.99965 0.00000 0.00035 0.00000 ( 1)
 372 T   0.99963 0.00000 0.00037 0.00000 ( 1)
 373 G   0.99969 0.00000 0.00031 0.00000 ( 1)
 374 K   0.99978 0.00000 0.00022 0.00000 ( 1)
 375 T   0.99974 0.00000 0.00026 0.00000 ( 1)
 376 D   0.99991 0.00000 0.00009 0.00000 ( 1)
 377 V   0.99975 0.00000 0.00025 0.00000 ( 1)
 378 A   0.99963 0.00000 0.00037 0.00000 ( 1)
 379 V   0.99949 0.00000 0.00051 0.00000 ( 1)
 380 Q   0.99955 0.00000 0.00045 0.00000 ( 1)
 381 I   0.99973 0.00000 0.00027 0.00000 ( 1)
 382 I   0.99970 0.00000 0.00030 0.00000 ( 1)
 383 S   0.99900 0.00000 0.00100 0.00000 ( 1)
 384 N   0.99992 0.00000 0.00008 0.00000 ( 1)
 385 I   0.99980 0.00000 0.00020 0.00000 ( 1)
 386 Y   0.99882 0.00000 0.00118 0.00000 ( 1)
 387 H   0.99961 0.00000 0.00039 0.00000 ( 1)
 388 N   0.99980 0.00000 0.00020 0.00000 ( 1)
 389 N   0.99980 0.00000 0.00020 0.00000 ( 1)
 390 P   0.99952 0.00000 0.00048 0.00000 ( 1)
 391 A   0.93258 0.04399 0.02284 0.00059 ( 1)
 392 E   0.99981 0.00000 0.00019 0.00000 ( 1)
 393 R   0.99963 0.00000 0.00037 0.00000 ( 1)
 394 T   0.99969 0.00000 0.00031 0.00000 ( 1)
 395 L   0.99901 0.00000 0.00099 0.00000 ( 1)
 396 V   0.99975 0.00000 0.00025 0.00000 ( 1)
 397 V   0.99944 0.00000 0.00056 0.00000 ( 1)
 398 T   0.99973 0.00000 0.00027 0.00000 ( 1)
 399 H   0.99967 0.00000 0.00033 0.00000 ( 1)
 400 S   0.99947 0.00000 0.00053 0.00000 ( 1)
 401 N   0.99992 0.00000 0.00008 0.00000 ( 1)
 402 Q   0.99953 0.00000 0.00047 0.00000 ( 1)
 403 A   0.99948 0.00000 0.00052 0.00000 ( 1)
 404 L   0.99954 0.00000 0.00046 0.00000 ( 1)
 405 N   0.99986 0.00000 0.00014 0.00000 ( 1)
 406 Q   0.99946 0.00000 0.00054 0.00000 ( 1)
 407 L   0.99948 0.00000 0.00052 0.00000 ( 1)
 408 F   0.99985 0.00000 0.00015 0.00000 ( 1)
 409 E   0.99982 0.00000 0.00018 0.00000 ( 1)
 410 K   0.99978 0.00000 0.00022 0.00000 ( 1)
 411 V   0.99891 0.00002 0.00107 0.00000 ( 1)
 412 I   0.99981 0.00000 0.00019 0.00000 ( 1)
 413 A   0.99965 0.00001 0.00033 0.00000 ( 1)
 414 L   0.99839 0.00000 0.00161 0.00000 ( 1)
 415 D   0.99991 0.00000 0.00009 0.00000 ( 1)
 416 V   0.99966 0.00000 0.00034 0.00000 ( 1)
 417 D   0.99991 0.00000 0.00009 0.00000 ( 1)
 418 E   0.99984 0.00000 0.00016 0.00000 ( 1)
 419 R   0.99965 0.00000 0.00035 0.00000 ( 1)
 420 H   0.99989 0.00000 0.00011 0.00000 ( 1)
 421 L   0.99883 0.00000 0.00117 0.00000 ( 1)
 422 L   0.99832 0.00000 0.00168 0.00000 ( 1)
 423 R   0.99953 0.00000 0.00047 0.00000 ( 1)
 424 L   0.99873 0.00000 0.00127 0.00000 ( 1)
 425 G   0.99986 0.00000 0.00014 0.00000 ( 1)
 426 H   0.99989 0.00000 0.00011 0.00000 ( 1)
 427 G   0.99978 0.00000 0.00022 0.00000 ( 1)
 428 E   0.99985 0.00000 0.00015 0.00000 ( 1)
 429 E   0.99979 0.00000 0.00021 0.00000 ( 1)
 430 A   0.99978 0.00000 0.00022 0.00000 ( 1)
 431 L   0.99861 0.00000 0.00139 0.00000 ( 1)
 432 E   0.99985 0.00000 0.00015 0.00000 ( 1)
 433 T   0.99981 0.00000 0.00019 0.00000 ( 1)
 434 E   0.99979 0.00000 0.00021 0.00000 ( 1)
 435 K   0.99981 0.00000 0.00019 0.00000 ( 1)
 436 D   0.99991 0.00000 0.00009 0.00000 ( 1)
 437 F   0.99917 0.00000 0.00083 0.00000 ( 1)
 438 S   0.99986 0.00000 0.00014 0.00000 ( 1)
 439 R   0.99964 0.00000 0.00036 0.00000 ( 1)
 440 Y   0.99981 0.00000 0.00019 0.00000 ( 1)
 441 G   0.99945 0.00000 0.00055 0.00000 ( 1)
 442 R   0.99925 0.00000 0.00075 0.00000 ( 1)
 443 V   0.99965 0.00000 0.00035 0.00000 ( 1)
 444 N   0.99987 0.00000 0.00013 0.00000 ( 1)
 445 Y   0.99981 0.00000 0.00019 0.00000 ( 1)
 446 V   0.99957 0.00000 0.00043 0.00000 ( 1)
 447 L   0.99859 0.00000 0.00141 0.00000 ( 1)
 448 S   0.99985 0.00000 0.00015 0.00000 ( 1)
 449 K   0.99979 0.00000 0.00021 0.00000 ( 1)
 450 R   0.99878 0.00000 0.00122 0.00000 ( 1)
 451 L   0.99836 0.00000 0.00164 0.00000 ( 1)
 452 E   0.99978 0.00000 0.00022 0.00000 ( 1)
 453 L   0.99902 0.00000 0.00098 0.00000 ( 1)
 454 L   0.99851 0.00000 0.00149 0.00000 ( 1)
 455 D   0.99991 0.00000 0.00009 0.00000 ( 1)
 456 E   0.99983 0.00000 0.00017 0.00000 ( 1)
 457 V   0.99970 0.00000 0.00030 0.00000 ( 1)
 458 T   0.99975 0.00000 0.00025 0.00000 ( 1)
 459 R   0.99857 0.00000 0.00143 0.00000 ( 1)
 460 L   0.99848 0.00000 0.00152 0.00000 ( 1)
 461 K   0.99980 0.00000 0.00020 0.00000 ( 1)
 462 E   0.99981 0.00000 0.00019 0.00000 ( 1)
 463 S   0.99862 0.00000 0.00138 0.00000 ( 1)
 464 L   0.99872 0.00000 0.00128 0.00000 ( 1)
 465 G   0.99936 0.00000 0.00064 0.00000 ( 1)
 466 V   0.99969 0.00000 0.00031 0.00000 ( 1)
 467 A   0.99975 0.00004 0.00022 0.00000 ( 1)
 468 G   0.99964 0.00001 0.00036 0.00000 ( 1)
 469 E   0.99985 0.00000 0.00015 0.00000 ( 1)
 470 M   0.99363 0.00000 0.00637 0.00000 ( 1)
 471 G   0.99975 0.00000 0.00025 0.00000 ( 1)


lnL = -9813.716789
