

TREE # 1

  0  0.0000  12428.218073  x:  0.34199   0.66725   0.07740   0.25827   0.10481   0.01995   0.02710   0.09231   0.02327   0.06500   0.05290   0.05409   0.04028   0.05770   0.04500   0.12474   0.05398   0.07292   0.02661   0.05784   0.06228   2.00000   1.00001   0.02215   0.27631  
  1 99.0000  11037.029194  x:  0.39102   0.70359   0.16845   0.33776   0.20641   0.21399   0.25438   0.23505   0.28968   0.16003   0.27715   0.23947   0.22691   0.22476   0.24877   0.26819   0.18228   0.29548   0.34457   0.31204   0.33537   2.00169   1.04429  -0.01672   0.00000  
  2 6105.9419  10825.711497  x:  0.75104   0.97046   0.83703   0.92143   0.95238   1.63848   1.92290   1.28298   2.24546   0.85764   1.92340   1.60038   1.59700   1.45116   1.74468   1.32135   1.12416   1.92938   2.67882   2.17826   2.34026   2.01412   1.36938  -0.30205   0.01006  
  3 61328.5116  10331.674482  x:  3.29310   5.22301   1.73885   2.59176   1.53903   1.65865   2.01629   1.30555   2.04961   0.00000   1.26829   1.30343   1.48456   1.01016   1.32888   1.46701   1.18042   1.97736   2.69758   2.10418   2.31203   1.59317   3.69386  -1.31297   0.00994  
  4 267.1316  10311.335774  x:  4.32653   7.00724   2.16510   3.46283   1.91039   1.68106   2.11372   1.35228   1.83125   2.54809   0.10869   0.99777   1.35597   0.48175   0.85604   1.63246   1.20717   2.04850   2.77625   2.07778   2.34139   2.00560   4.34644  -1.48067   0.00990  
  5 218.6836  10272.847793  x:  4.40073   7.15575   2.22832   3.61589   2.00602   1.71673   2.17883   1.40380   1.77334   2.62530   0.18014   0.89500   1.33383   0.09635   0.47461   1.72000   1.22859   2.11947   2.87215   2.11490   2.40609   2.28836   4.26065  -1.38870   0.00986  
  6 77.1058  10250.340743  x:  4.47790   7.35408   2.31544   3.87360   2.16590   1.73359   2.25088   1.47492   1.54514   2.57326   0.11847   0.60083   1.24058   0.33236   0.11495   1.85848   1.23629   2.21101   2.98893   2.12354   2.46812   2.74707   3.97928  -1.12853   0.00979  
  7 58.5552  10205.894676  x:  4.61394   7.71487   2.46535   4.33536   2.44778   1.73746   2.35553   1.56901   1.05557   2.46245   0.09210   0.00000   1.02326   0.45739   0.11571   2.09449   1.23339   2.35260   3.16416   2.10881   2.54886   3.59013   3.44570  -0.62711   0.00967  
  8 190.4914  10191.423745  x:  4.70997   7.98027   2.55965   4.65416   2.63313   1.70510   2.39089   1.61463   0.67590   2.38578   0.07757   0.09197   0.83380   0.53370   0.13142   2.23464   1.20960   2.41573   3.23335   2.05300   2.55764   4.13033   3.05484  -0.24194   0.00960  
  9 139.5358  10183.932346  x:  4.78266   8.18819   2.61642   4.87533   2.75172   1.63970   2.37178   1.62105   0.55290   2.42224   0.32302   0.11250   0.65951   0.63631   0.12378   2.30368   1.16787   2.41611   3.21697   1.95915   2.50713   4.41084   2.80987   0.04341   0.00956  
 10 115.3632  10176.491335  x:  4.73066   8.26491   2.67930   5.16747   2.96321   1.51348   2.35651   1.73275   0.88303   2.34066   0.19484   0.11406   0.41953   0.59844   0.14717   2.42122   1.09965   2.42410   3.19530   1.78813   2.42482   4.38519   2.69019   0.50385   0.00952  
 11 18.7356  10160.279888  x:  4.32562   8.02196   2.77833   5.81002   3.51658   1.19290   2.34008   2.16275   0.92865   2.28219   0.20469   0.14398   0.00000   0.58322   0.18235   2.76049   0.91573   2.44219   3.16361   1.32807   2.21440   4.26884   3.24096   0.93910   0.00946  
 12 20.3610  10144.397156  x:  3.70720   7.70745   2.93416   6.86184   4.39865   0.60543   2.25417   2.79920   0.92690   2.19519   0.23904   0.17433   0.21428   0.53016   0.24184   3.26908   0.57935   2.40685   3.01903   0.49840   1.78319   3.97151   3.98654   1.76350   0.00937  
 13 103.0372  10135.139149  x:  3.50560   7.61031   3.01566   7.28751   4.78983   0.38007   2.18089   2.87894   0.62073   2.18292   0.29063   0.13309   0.18432   0.44795   0.20559   3.47030   0.56174   2.36915   2.93379   0.58069   1.65907   3.29263   4.06939   2.15813   0.00931  
 14 21.4822  10112.437107  x:  3.09103   7.28419   3.09436   8.18570   5.64303   0.03652   1.61449   2.07391   0.71098   2.00070   0.24511   0.18032   0.25353   0.31762   0.23400   3.83176   0.72610   1.91614   2.30385   1.19232   1.11873   2.32582   4.08310   1.88733   0.00921  
 15 14.8372  10106.154999  x:  2.95805   7.16021   3.11087   8.50561   5.97518   0.45476   1.36027   1.69752   0.70500   1.91343   0.23384   0.19169   0.27121   0.26622   0.24253   3.94776   0.81409   1.68266   1.97103   1.25822   0.85788   1.91824   4.11196   1.86703   0.00918  
 16 41.5818  10070.001231  x:  3.19254   6.93110   3.10567   8.61755   6.58796   0.44854   0.86458   0.56376   0.66881   1.50547   0.22020   0.21534   0.31104   0.26769   0.29107   4.00170   1.14092   0.92668   0.84098   1.22541   1.03174   1.74469   4.61138   2.38365   0.00909  
 17  9.5659  10054.789101  x:  3.33632   6.88024   3.08105   8.60584   6.80440   0.46265   0.58975   0.55417   0.66913   1.31581   0.21546   0.22430   0.32273   0.26696   0.32358   3.96192   1.26363   0.55758   0.26209   1.27507   0.99193   1.68403   4.72288   2.51832   0.00904  
 18 54.4298  10034.170295  x:  3.54576   6.91101   2.94590   8.43469   6.88725   0.43026   0.00000   0.49952   0.64685   1.08165   0.20531   0.22679   0.30984   0.25879   0.35353   3.67740   1.20464   0.71727   0.11351   1.08876   0.80255   1.58424   4.76008   2.56247   0.00901  
 19 20.9138  10014.232519  x:  3.77951   6.98674   2.74444   8.17946   6.87446   0.36540   0.03630   0.42080   0.61316   0.83331   0.19353   0.22628   0.27357   0.24591   0.37947   3.24980   1.04651   0.82607   0.01820   0.78494   0.46233   1.45284   4.72037   2.52990   0.00901  
 20 45.5144  10007.036835  x:  3.89335   7.03124   2.63780   8.04859   6.85092   0.33765   0.02586   0.39689   0.59686   0.71631   0.18833   0.22594   0.25621   0.23981   0.39203   3.01986   0.96221   0.75162   0.08828   0.63390   0.33803   1.39396   4.69944   2.51368   0.00901  
 21 177.5079   9987.717369  x:  4.09632   7.16660   2.35932   7.75324   6.71561   0.32299   0.01280   0.39358   0.56380   0.48532   0.17983   0.22610   0.22645   0.22452   0.41694   2.41214   0.65108   0.67141   0.06521   0.33778   0.46636   1.29093   4.64443   2.44620   0.00901  
 22 104.3130   9963.779293  x:  4.30064   7.34884   1.99618   7.38474   6.48700   0.36914   0.00527   0.37531   0.53546   0.23168   0.17800   0.23028   0.21962   0.22386   0.45032   1.60111   0.20404   0.60951   0.05419   0.38488   0.41420   1.34145   4.71770   2.49138   0.00903  
 23 115.8429   9951.006995  x:  4.42856   7.49073   1.76342   7.12406   6.27049   0.37150   0.02802   0.41764   0.49030   0.13155   0.19475   0.23129   0.21669   0.22634   0.46701   1.07304   0.33623   0.63342   0.05393   0.33984   0.40306   1.40048   4.75727   2.50768   0.00905  
 24 49.1669   9931.699565  x:  4.64347   7.71585   1.53566   6.71997   5.92312   0.38835   0.06060   0.48116   0.39323   0.11276   0.24260   0.23154   0.20415   0.23359   0.47812   1.00824   0.03589   0.65316   0.06776   0.30274   0.41180   1.44211   4.74944   2.45842   0.00907  
 25 20.0960   9905.213851  x:  4.84305   8.48103   0.78940   5.58954   4.66007   0.34942   0.07782   0.62725   0.25763   0.05522   0.29104   0.23034   0.19791   0.25030   0.48940   1.83082   0.16309   0.65472   0.08716   0.32152   0.44320   1.60828   4.75012   2.40699   0.00916  
 26 23.0567   9870.624558  x:  5.16591   9.62926   0.56245   3.94171   2.74937   0.31322   0.12377   0.88193   0.33466   0.21587   0.25245   0.23673   0.19605   0.27069   0.48264   1.82495   0.21419   0.72767   0.14390   0.43196   0.55961   1.80235   4.63352   2.29299   0.00929  
 27 23.9053   9852.076464  x:  4.94270  10.02873   1.77384   3.50116   1.72406   0.23988   0.11405   0.83150   0.17061   0.20782   0.30844   0.23464   0.18737   0.28343   0.45278   1.22891   0.26000   0.64462   0.16499   0.49703   0.62251   1.78142   4.53703   2.13488   0.00929  
 28 12.3144   9838.113846  x:  4.17681  10.37325   1.71676   4.47336   1.49229   0.15462   0.16817   0.54141   0.21187   0.16143   0.32413   0.25547   0.20517   0.31141   0.35393   0.93373   0.19335   0.66537   0.22025   0.56168   0.73323   1.78013   4.27412   1.69733   0.00929  
 29  3.2741   9832.029512  x:  4.00288  10.34504   2.22097   5.01184   2.05293   0.12188   0.17143   0.61441   0.24256   0.16651   0.32503   0.25361   0.19454   0.29274   0.28275   1.03651   0.21928   0.73620   0.20623   0.50259   0.67133   1.96638   3.89931   1.12886   0.00925  
 30  2.7759   9829.319948  x:  4.10239  10.41293   1.86637   5.22219   2.24818   0.09504   0.17563   0.68995   0.20736   0.16277   0.33632   0.25000   0.19218   0.28921   0.23632   0.88893   0.21893   0.72030   0.20836   0.52885   0.65910   1.87622   3.77752   0.94636   0.00926  
 31  2.0932   9828.037858  x:  4.15637  10.51612   1.80468   5.20096   2.01902   0.11729   0.19856   0.71753   0.21315   0.15402   0.33012   0.24970   0.19482   0.28864   0.20962   1.01614   0.17456   0.69109   0.22065   0.55139   0.67068   1.82281   3.73978   0.87897   0.00928  
 32  1.6741   9826.679752  x:  4.24008  10.84650   1.53613   4.99299   1.71351   0.18609   0.20208   0.70620   0.19637   0.14714   0.34589   0.25145   0.20036   0.28449   0.20149   0.97827   0.15555   0.67218   0.21822   0.52794   0.64643   1.90151   3.81022   0.88126   0.00932  
 33  1.2778   9824.726119  x:  4.47128  11.38335   1.32147   4.32774   1.88972   0.15737   0.23636   0.73816   0.20500   0.13291   0.35762   0.25014   0.20055   0.31898   0.21813   0.99142   0.15811   0.73026   0.22955   0.52177   0.63237   1.88388   3.99454   1.09731   0.00939  
 34  0.9634   9823.085671  x:  4.56496  11.79679   1.27747   4.47427   2.09104   0.12140   0.28601   0.77370   0.22102   0.12997   0.35822   0.23973   0.18109   0.29649   0.24332   0.99308   0.15565   0.61022   0.25269   0.51553   0.65568   1.94696   4.04465   1.16638   0.00943  
 35  0.7192   9820.033858  x:  4.82403  12.54964   1.44695   5.47113   1.90868   0.09842   0.37316   0.88436   0.24028   0.13242   0.35499   0.21760   0.12465   0.28392   0.26005   1.01211   0.19618   0.74761   0.27944   0.48342   0.64507   1.99501   4.09780   1.32288   0.00950  
 36  1.5573   9818.941278  x:  4.83815  13.02142   1.56954   5.54593   2.24167   0.16159   0.41172   0.88193   0.24765   0.13211   0.35954   0.22202   0.10962   0.32280   0.22656   0.99096   0.18320   0.71861   0.29521   0.48703   0.65981   2.00158   4.09148   1.36140   0.00954  
 37  1.0299   9818.073228  x:  4.96427  13.76606   1.56654   5.28756   2.05105   0.11766   0.45570   0.86532   0.24609   0.13155   0.36819   0.23991   0.10747   0.31026   0.21129   0.97670   0.20540   0.69749   0.30608   0.49422   0.66414   1.98129   4.05870   1.33470   0.00962  
 38  0.6987   9817.665849  x:  4.96174  14.13139   1.46322   5.38121   2.00460   0.13130   0.47157   0.85317   0.22019   0.13949   0.36444   0.24462   0.11126   0.30543   0.23057   1.00565   0.20231   0.68292   0.30578   0.50676   0.66269   1.95389   4.00256   1.28896   0.00966  
 39  0.5064   9817.379458  x:  5.10290  14.28682   1.57052   5.44486   1.87519   0.13951   0.46128   0.84731   0.22763   0.14532   0.36016   0.25699   0.12050   0.31460   0.23856   1.00315   0.20971   0.68523   0.29050   0.51954   0.65024   1.97254   4.05569   1.40198   0.00969  
 40  0.1704   9817.095801  x:  5.18444  14.46575   1.59010   5.39372   2.04604   0.13849   0.44347   0.80092   0.21480   0.14734   0.35286   0.26378   0.13005   0.30640   0.23841   1.00120   0.20520   0.71748   0.27241   0.53104   0.64568   2.00047   4.08475   1.46305   0.00973  
 41  0.2728   9816.645096  x:  5.03717  14.73182   1.46921   5.55533   2.04783   0.12778   0.38448   0.79943   0.21606   0.14269   0.35445   0.26464   0.14927   0.31708   0.22778   0.98987   0.19991   0.73545   0.23264   0.53949   0.63871   1.98367   4.02577   1.37541   0.00978  
 42  0.1756   9816.483545  x:  5.15928  14.78834   1.46621   5.51567   2.03017   0.14654   0.36421   0.80818   0.22561   0.13844   0.35823   0.25832   0.15137   0.30104   0.23612   0.99595   0.19113   0.73003   0.22781   0.53610   0.65840   1.97226   4.03421   1.37792   0.00980  
 43  0.1185   9816.387819  x:  5.22009  14.86704   1.49106   5.52947   1.99089   0.13777   0.35860   0.80415   0.22332   0.14114   0.35954   0.25100   0.15087   0.30892   0.23258   1.01208   0.19270   0.71719   0.23230   0.52256   0.67518   1.98178   4.07776   1.42299   0.00983  
 44  0.1259   9816.325767  x:  5.11298  15.00693   1.53718   5.47585   2.02293   0.14324   0.35015   0.80128   0.22952   0.14479   0.36074   0.24649   0.15862   0.30962   0.23430   1.00655   0.19304   0.72587   0.24295   0.52178   0.67434   1.97952   4.13055   1.49679   0.00986  
 45  0.0813   9816.257283  x:  5.21292  14.92874   1.49014   5.47290   1.98830   0.14328   0.33286   0.78828   0.22799   0.14456   0.36142   0.24622   0.16472   0.31150   0.23166   1.00187   0.18833   0.72203   0.26001   0.52694   0.66288   1.97391   4.09437   1.44421   0.00990  
 46  0.0476   9816.217090  x:  5.14218  14.86849   1.47577   5.49081   1.98745   0.14122   0.33145   0.79386   0.22744   0.14352   0.36129   0.24903   0.15864   0.30862   0.23330   1.01369   0.19444   0.70489   0.27285   0.52439   0.65620   1.97498   4.09919   1.46112   0.00992  
 47  0.0436   9816.156977  x:  5.11673  14.80998   1.51994   5.45640   2.00919   0.14148   0.32172   0.78770   0.22401   0.14153   0.35292   0.25313   0.17135   0.30878   0.23395   1.01072   0.19404   0.70256   0.27628   0.51590   0.66086   1.97847   4.08991   1.44965   0.00999  
 48  0.0200   9815.870858  x:  5.02700  14.41647   1.37609   5.29630   1.89268   0.14327   0.33040   0.79518   0.21146   0.13915   0.35803   0.26897   0.16701   0.31332   0.22733   0.99128   0.21349   0.71841   0.27904   0.48937   0.68048   1.95213   4.11548   1.47629   0.01029  
 49  0.0596   9814.823805  x:  4.38001  12.30410   1.19032   4.58524   1.62764   0.15411   0.31828   0.78301   0.20646   0.14500   0.35843   0.28183   0.16050   0.31110   0.23698   0.95835   0.20103   0.74278   0.27740   0.48687   0.70342   1.96854   4.15388   1.50180   0.01156  
 50  0.4097   9814.038989  x:  4.24322  11.62670   1.29195   4.46115   1.70712   0.15608   0.34063   0.78188   0.21804   0.15000   0.36077   0.26188   0.16777   0.30686   0.23968   0.97958   0.17118   0.71629   0.26337   0.52622   0.68283   1.98663   4.17482   1.50163   0.01235  
 51  0.4009   9813.792576  x:  4.02848  11.35066   1.16041   4.28409   1.51814   0.15081   0.32503   0.77362   0.21937   0.14610   0.36055   0.25411   0.17065   0.30549   0.23286   0.97191   0.17563   0.70547   0.25435   0.52865   0.65992   1.96690   4.21630   1.52959   0.01286  
 52  0.3290   9813.726629  x:  4.05736  11.08315   1.15179   4.19539   1.53733   0.15254   0.32667   0.76668   0.22146   0.14351   0.35822   0.25070   0.16934   0.30647   0.23067   0.95866   0.18518   0.70489   0.25484   0.51827   0.65165   1.95534   4.24051   1.54513   0.01304  
 53  0.2546   9813.718206  x:  4.01936  11.12401   1.16820   4.20821   1.53459   0.15336   0.32901   0.76317   0.22332   0.14368   0.35640   0.24820   0.16777   0.30644   0.23181   0.95628   0.18450   0.70531   0.25441   0.51600   0.65165   1.95206   4.24519   1.54562   0.01305  
 54  0.0655   9813.716983  x:  4.01491  11.07945   1.16089   4.20227   1.52722   0.15346   0.32869   0.76072   0.22356   0.14397   0.35613   0.24790   0.16788   0.30599   0.23246   0.95567   0.18336   0.70494   0.25412   0.51560   0.65162   1.95066   4.25021   1.54748   0.01306  
 55  0.0515   9813.716826  x:  4.02183  11.09406   1.16025   4.20525   1.52970   0.15326   0.32838   0.76018   0.22361   0.14402   0.35620   0.24798   0.16804   0.30586   0.23246   0.95577   0.18315   0.70471   0.25403   0.51539   0.65138   1.95032   4.25224   1.54922   0.01305  
 56  0.0198   9813.716794  x:  4.01996  11.09345   1.16116   4.20403   1.53010   0.15324   0.32853   0.76038   0.22358   0.14402   0.35620   0.24810   0.16797   0.30587   0.23237   0.95578   0.18298   0.70461   0.25416   0.51513   0.65129   1.95019   4.25331   1.55029   0.01305  
 57  0.0029   9813.716790  x:  4.02066  11.09356   1.16122   4.20486   1.52969   0.15330   0.32858   0.76049   0.22356   0.14403   0.35619   0.24811   0.16791   0.30590   0.23235   0.95578   0.18287   0.70465   0.25414   0.51510   0.65124   1.95015   4.25322   1.55032   0.01305  
 58  0.0012   9813.716790  x:  4.02045  11.09335   1.16112   4.20452   1.52982   0.15332   0.32855   0.76047   0.22354   0.14403   0.35620   0.24811   0.16791   0.30589   0.23236   0.95578   0.18283   0.70468   0.25412   0.51508   0.65124   1.95013   4.25303   1.55019   0.01305  
 59  0.0005   9813.716790  x:  4.02047  11.09332   1.16115   4.20448   1.52978   0.15331   0.32856   0.76046   0.22355   0.14403   0.35620   0.24811   0.16792   0.30589   0.23237   0.95578   0.18283   0.70467   0.25413   0.51507   0.65124   1.95013   4.25292   1.55010   0.01305  
 60  0.0002   9813.716789  x:  4.02045  11.09330   1.16114   4.20452   1.52979   0.15331   0.32856   0.76046   0.22355   0.14403   0.35620   0.24811   0.16792   0.30589   0.23237   0.95578   0.18283   0.70467   0.25413   0.51507   0.65124   1.95013   4.25290   1.55008   0.01305  
 61  0.0001   9813.716789  x:  4.02046  11.09331   1.16114   4.20452   1.52979   0.15331   0.32856   0.76046   0.22355   0.14403   0.35620   0.24811   0.16792   0.30589   0.23237   0.95578   0.18283   0.70467   0.25413   0.51507   0.65125   1.95013   4.25290   1.55008   0.01305  
 62  0.0000   9813.716789  x:  4.02046  11.09332   1.16114   4.20452   1.52979   0.15331   0.32856   0.76046   0.22355   0.14403   0.35620   0.24811   0.16792   0.30589   0.23237   0.95578   0.18283   0.70467   0.25413   0.51507   0.65125   1.95013   4.25290   1.55008   0.01305  